image: map_pfe.pgm
resolution: 0.025000
origin: [-13.200000, -24.400000, 0.000000]
negate: 0
occupied_thresh: 0.65
free_thresh: 0.196

